doors
(35)(8)(house)(9)(11)
(39)(35)(oldhouse)(9)(8)
(24)(5)(bighouse)(9)(12)
(25)(5)(bighouse)(10)(12)
(0)(8)(slidepuzzle)(12)(2)
(29)(0)(maze)(14)(17)
(0)(59)(arena)(0)(1)
(1)(59)(arena)(1)(1)
(2)(59)(arena)(2)(1)
(3)(59)(arena)(3)(1)
(4)(59)(arena)(4)(1)
(5)(59)(arena)(5)(1)
(6)(59)(arena)(6)(1)
(7)(59)(arena)(7)(1)
(8)(59)(arena)(8)(1)
(9)(59)(arena)(9)(1)
(10)(59)(arena)(10)(1)
(11)(59)(arena)(11)(1)
(12)(59)(arena)(12)(1)
(13)(59)(arena)(13)(1)
(14)(59)(arena)(14)(1)
(15)(59)(arena)(15)(1)
(16)(59)(arena)(16)(1)
(17)(59)(arena)(17)(1)
(18)(59)(arena)(18)(1)
(19)(59)(arena)(19)(1)
(20)(59)(arena)(20)(1)
(21)(59)(arena)(21)(1)
(22)(59)(arena)(22)(1)
(23)(59)(arena)(23)(1)
(24)(59)(arena)(24)(1)
(25)(59)(arena)(25)(1)
(26)(59)(arena)(26)(1)
(27)(59)(arena)(27)(1)
(28)(59)(arena)(28)(1)
(29)(59)(arena)(29)(1)
(30)(59)(arena)(30)(1)
(31)(59)(arena)(31)(1)
(32)(59)(arena)(32)(1)
(33)(59)(arena)(33)(1)
(34)(59)(arena)(34)(1)
(35)(59)(arena)(35)(1)
(36)(59)(arena)(36)(1)
(37)(59)(arena)(37)(1)
(38)(59)(arena)(38)(1)
(39)(59)(arena)(39)(1)
(40)(59)(arena)(40)(1)
(41)(59)(arena)(41)(1)
(42)(59)(arena)(42)(1)
(43)(59)(arena)(43)(1)
(44)(59)(arena)(44)(1)
(45)(59)(arena)(45)(1)
(46)(59)(arena)(46)(1)
(47)(59)(arena)(47)(1)
(48)(59)(arena)(48)(1)
(49)(59)(arena)(49)(1)