(Cactus)(0)(1)(5)(3)
(Cactus)(0)(1)(3)(11)
(Cactus)(0)(1)(12)(4)
(Cactus)(0)(1)(9)(8)
(Cactus)(0)(1)(20)(4)
(Cactus)(0)(1)(17)(12)
(Cactus)(0)(1)(24)(7)
(Cactus)(0)(1)(54)(11)
(Cactus)(0)(1)(34)(20)
(Cactus)(0)(1)(10)(32)
(Cactus)(0)(1)(38)(35)
(Cactus)(0)(1)(69)(19)
(Cactus)(0)(1)(56)(24)
(Cactus)(0)(1)(50)(20)
(Cactus)(0)(1)(59)(18)
(Cactus)(0)(1)(56)(22)
(Cactus)(0)(1)(60)(17)
(Cactus)(0)(1)(58)(18)
(Cactus)(0)(1)(65)(19)
(Cactus)(0)(1)(57)(16)
(Cactus)(0)(1)(55)(14)
(Cactus)(0)(1)(42)(20)
(Cactus)(0)(1)(30)(27)
(Cactus)(0)(1)(24)(32)
(Cactus)(0)(1)(17)(21)
(Cactus)(0)(1)(6)(26)
(Cactus)(0)(1)(38)(9)
(Cactus)(0)(1)(9)(16)
(Cactus)(0)(1)(8)(17)
(Cactus)(0)(1)(27)(19)
(Cactus)(0)(1)(27)(20)
(Cactus)(0)(1)(28)(20)
(Cactus)(0)(1)(28)(21)
(Cactus)(0)(1)(31)(8)
(Cactus)(0)(1)(30)(8)
(Cactus)(0)(1)(33)(12)
(Cactus)(0)(1)(15)(8)
(Cactus)(0)(1)(21)(16)
(Cactus)(0)(1)(33)(22)
(Cactus)(0)(1)(40)(24)
(Cactus)(0)(1)(17)(25)
(Cactus)(0)(1)(18)(25)
(Cactus)(0)(1)(21)(29)
(Cactus)(0)(1)(22)(28)
(Boulder0)(0)(1)(28)(13)
(Boulder1)(0)(1)(27)(13)
(Boulder0)(0)(1)(26)(13)
(Boulder0)(0)(1)(25)(14)
(Boulder0)(0)(1)(24)(15)
(Boulder1)(0)(1)(26)(14)
(Boulder1)(0)(1)(25)(15)
(Boulder0)(0)(1)(30)(14)
(Boulder1)(0)(1)(29)(13)
(Boulder1)(0)(1)(31)(14)
(Cactus)(0)(1)(25)(16)
(Boulder0)(0)(1)(26)(17)
(Boulder1)(0)(1)(27)(17)
(Rock)(0)(1)(28)(17)
(Cactus)(0)(1)(32)(14)
(Cactus)(0)(1)(33)(15)
(Cactus)(0)(1)(29)(17)
(Cactus)(0)(1)(30)(18)
(Cactus)(0)(1)(31)(18)
(Boulder0)(0)(1)(32)(18)
(Boulder1)(0)(1)(33)(18)
(Boulder0)(0)(1)(34)(16)
(Boulder0)(0)(1)(34)(17)
(Boulder1)(0)(1)(35)(16)
(Boulder1)(0)(1)(35)(17)
(George)(2)(1)(29)(15)
(Bob)(2)(1)(11)(6)
(Bob)(2)(1)(8)(19)
(Bob)(2)(1)(24)(27)
(Bob)(2)(1)(37)(6)
(Cactus)(0)(1)(19)(26)
(Cactus)(0)(1)(20)(26)
(Cactus)(0)(1)(21)(26)
(Cactus)(0)(1)(22)(26)
(Cactus)(0)(1)(23)(25)
(Cactus)(0)(1)(24)(25)
(Cactus)(0)(1)(25)(25)
(Cactus)(0)(1)(26)(25)
(Cactus)(0)(1)(27)(24)
(Cactus)(0)(1)(28)(24)
(Cactus)(0)(1)(29)(24)
(Cactus)(0)(1)(30)(24)
(Cactus)(0)(1)(31)(24)
(Cactus)(0)(1)(32)(25)
(Cactus)(0)(1)(33)(25)
(Cactus)(0)(1)(34)(26)
(Cactus)(0)(1)(35)(27)
(Cactus)(0)(1)(36)(28)
(Cactus)(0)(1)(37)(28)
(Cactus)(0)(1)(38)(28)
(Cactus)(0)(1)(39)(29)
(Cactus)(0)(1)(40)(29)
(Cactus)(0)(1)(41)(29)
(Cactus)(0)(1)(42)(29)
(Cactus)(0)(1)(43)(30)
(Cactus)(0)(1)(0)(24)
(Cactus)(0)(1)(1)(24)
(Cactus)(0)(1)(2)(23)
(Cactus)(0)(1)(3)(23)
(Cactus)(0)(1)(4)(23)
(Cactus)(0)(1)(5)(23)
(Cactus)(0)(1)(6)(23)
(Cactus)(0)(1)(7)(23)
(Cactus)(0)(1)(8)(23)
(Cactus)(0)(1)(9)(23)
(Cactus)(0)(1)(10)(23)
(Cactus)(0)(1)(12)(24)
(Cactus)(0)(1)(13)(24)
(Cactus)(0)(1)(14)(24)
(Cactus)(0)(1)(15)(24)
(Cactus)(0)(1)(16)(24)
(Rock)(0)(1)(11)(24)
(George)(2)(1)(13)(32)
