doors
(0)(0)(village)(0)(58)
(1)(0)(village)(1)(58)
(2)(0)(village)(2)(58)
(3)(0)(village)(3)(58)
(4)(0)(village)(4)(58)
(5)(0)(village)(5)(58)
(6)(0)(village)(6)(58)
(7)(0)(village)(7)(58)
(8)(0)(village)(8)(58)
(9)(0)(village)(9)(58)
(10)(0)(village)(10)(58)
(11)(0)(village)(11)(58)
(12)(0)(village)(12)(58)
(13)(0)(village)(13)(58)
(14)(0)(village)(14)(58)
(15)(0)(village)(15)(58)
(16)(0)(village)(16)(58)
(17)(0)(village)(17)(58)
(18)(0)(village)(18)(58)
(19)(0)(village)(19)(58)
(20)(0)(village)(20)(58)
(21)(0)(village)(21)(58)
(22)(0)(village)(22)(58)
(23)(0)(village)(23)(58)
(24)(0)(village)(24)(58)
(25)(0)(village)(25)(58)
(26)(0)(village)(26)(58)
(27)(0)(village)(27)(58)
(28)(0)(village)(28)(58)
(29)(0)(village)(29)(58)
(30)(0)(village)(30)(58)
(31)(0)(village)(31)(58)
(32)(0)(village)(32)(58)
(33)(0)(village)(33)(58)
(34)(0)(village)(34)(58)
(35)(0)(village)(35)(58)
(36)(0)(village)(36)(58)
(37)(0)(village)(37)(58)
(38)(0)(village)(38)(58)
(39)(0)(village)(39)(58)
(40)(0)(village)(40)(58)
(41)(0)(village)(41)(58)
(42)(0)(village)(42)(58)
(43)(0)(village)(43)(58)
(44)(0)(village)(44)(58)
(45)(0)(village)(45)(58)
(46)(0)(village)(46)(58)
(47)(0)(village)(47)(58)
(48)(0)(village)(48)(58)
(49)(0)(village)(49)(58)